353

.111111. Parit. 11111. 1111111111. 11111111.Ἰ 7111111111.
156 23 109 17 3291. 1 491 ο. 10
78 936 9116 49211
731110 7 ,9110 ihm. 9
8 12 110 26 3301. 15 4931. 1
837 1 3 33011111. 11111
9 20, 11. 6.·4041. 1
160 19 111. 14 ξ’ 111. 10
,111 1111119511
28 . 2,1).3.1Ι1.11
2 34 21. 7 4961. 3
320 31112 , 11111, 1
3 38 .,, ,311111 4971. 1
421 ,41 2 1111. 1
41). 9 4981. 1
,41 15 111 10
51. 10 4991. 2
51. 8 ib. 1. 8
61. 6 ib. 111.
611. 10 Ι5001. 7
, 61. 16 ib. pen.
711. 2 ’501 1. 7
7110 , ib. 111.

81115 502 01 ⁷ ’
8112 . ib. ult.
.91. 4 5031 6
91). 8 11). pen.

 .91.13 5041. 4 ·
3401. 17 111. 12
3401. 3 5051. 4
11. 9 im. 1
111. 16 5061. 4
21. 2 ib. pen.
2b· ⁹ ’507 01 6
2113 ,11.1. 3

*0⁶
ιο
5³:

emboweztn

9333340

ω
Ξ.

,Β
Ὀμήῦῆω- *OQ

gooeqozeizoe—oooeo—
oet—*mn—*aen-s §vt—*mh*
:³352ssssoeme

Ὁῐοωωῆῆοὶοἱοιυὶυἱὺὑωωωω
· ὑαωιριῠςδῖ

10

32.pen. 5081. 3
31. 3 111. 2
41. 10 5091. 4
411111. 1111. 12
51. 3 5101. 4 “
51). 8 ib. 1. 2
51. 14 5111, 4
60. 1 111. 3
¹ 61. 7 5121. 3
71. 14 1111. 2 ,
711111. 5131. 4
81. 4 1111. 9
ab. 9 514 b. 9
,8 1. 19 1111. 9
,911 2
91. 8 · . .
350 1. 15 . 5
350 b. 111. 1111. 4 57 9
11. 8 ,51713 115

1
2.
3

.4
5
1
1

.1
1

90.
1
1
1
1
⁵
6
⁷
1
9

' ἓ

ἣθὶοῐιῠ-ὺο-ἱοῠ-ὺῷὶοωήοὲυζιβωημ

11112 11119 216
. ’1118
2114, ..

3²³0oe

2111 .
3112 ’
314
4111 “
4116
41111, “
,516

21

3

σιωᾼωιομ

 

