359

111111. Parin. 111111. 1111111111. 1111111. ’111111111ἰί1
[1668 41614 179 39 4491. 19 74811. 8 808111.
911. 111. 7491. 5 810 1ι
4501. 4 11111. 5· 14
450 b. 10 7501. 5 2 6
4501. 16 11). (1. 3 3
11. 111. 7511. 5 4
11. 8 ib. (1. 4 5
91. 11 7511. 4
th. 17 111. 1 14
' 20· 11111 ib· 11111 Β 16
sb. 7 7531. 9 9 18
81. 11 ib. 111. 310 18
· 41. 16 7541. 7 11111.
- Γ · 51. 1
· 51. 6

9
19
16
14

51111 ’.
51. 16 .
61. 19
61. 5 .
71. 9
71116 ” .
81. 1 ’.
ab. 8 .
81. 15 ’..
91. 111.
4611. 16
11.19“’..
20· Ῑ 1
81. 8
3111 .
81. 17 ”..
41111. .
41. 5 ’..
51. 3 .
51114
51111. .
611 4
61. 9
71111.
” 71119
. 81. ’1 -
811 5 .
81. 9 ’.. ¹
91114 7891. 3 ¹
911111. 111110 614
4701. 1 7831. 1 716
470 5. 7 111. 10 8111.
4701. 11 ib. 111. 890 9
11. 17 7841. 8 1 5
111111. 1111. 8 9 6
¹ · 91. 5 7851. 6' 3
11111 111111. 4
91. 17 7861. 4 5

οἱ

ἕζοωῆοδυῑιβωδῦῤ

40
17 .
85
11
19
5
18
pon. .
’ 14
111.
19 .
88
19
8
85
18
84
16
81
11
, 1
20
17
11
3
27
3
80
19
5
84
15
87
19

ξιοοοκτσιοιοιωωμ

ἢ,
- &Qffiffizssssssoeissm

,ἐξ

1
1
1

'¹0⁵

31. 111. 1111. 9 11

’ 81. 5 7871. 6
41. 11 11111111.
411 17 7881. 4 40
⁴ 51. 1 1111. 1
511 7 7891. 8

1.
4
9 8

0

1

9

61119 11118 4

6

7

ἓὉΌωωκτοιοιφ-ᾼιμωωιοι-ο-ἓὲ
Β

3

1
·1
1

1
4
8
1
fib. 1 79016 7

61. ,5 11111111·
71. -10 7911. 6

19

 

