TABELLA‚80

1111911. Paris. 11611). Basilum. Franks.
p. 9 1 1 ιι. 1 1 1
11. 1. 4 11. ο. 9
11. ο. 14 91.10
91. 9 11.(1. 9
11. ο. 10 31.10
31. 15 11. (1. 9
11. ο. 9 41. 9
41. 9 11.(1. 8
11.1.,15 51. 9
51. 1 91 1
11. 1. 9 111. 8
11.ο. 15 991. 8
61. 1 11. o. 6
11. ο.“4 931. 3
71. 9 11.(1. 9
71.15 94 1.10
81. 1 11. (1. 7
11.1.’ 9 951. 8
wau 885
91. 15 35 1
111. 1 11. 1. 8
101. 8 11. ο. 5
11.1. 15 361. 8
111. 9 11. 0. 5
11 b. 9 371. 7
11 o. 17 11. ο. 5
191. 9 381. 6
19 o. 9 111. 5
131. 16 591. 7
13 ⁰· 3 ib. 0· 5
14 a. 10

11 1.11 47 1
14 ο. 16 · 11. pen.
151.12 48 ο. 6
15 ο. 9 11. 1. 9
161113 49 ο. 4
16119 11.1.10
171. 1 50 ο. 1
171. 8 -11, ο. 7
17 ο. 14 511. 8
18118 11. ο. 4

μ
:22

10
11
19
13
14

:ae

15
16
17
18
19

ὉὉΌωωὴῆοδοδΦδοῖΦιὺ-ὑωωωδδκμ
ἓμέἓξΰὲωὸἓξέἔῑέἑὲωὲ

..Α
-ιμὺ

ΞΞ
δήὸ

181. 3 591. 7
19 a. 10 im 5
19114. 5917
’ 191111. 11. e. 5
901. 8 541. 7
901. 14 11.ο. 6
11111. 59 1
91. 3 601. 6
4810 ib. ο. 9
9116 ' 611. 5
31. 3 11.ο. 3
3110 631. 7
41. 18 11.ο. 4
5118 64 1

1ο
1
,9
3
4
5
6
7
a
9
30
1
1
³
⁴
⁵
6
⁷
8
9
40
1
9
9
4
⁵.
⁶
9
8
9
50.
t
2
3
4
⁵
⁷
8
9
σο
1
2
a
5

 

