mx*
p. 1395

0-—
§QQQ

ΘὉωἺΟδΟῑὺωδδι-δ

1
1
’ 3
4
'5
6
7
8
9
1410
1
1
3
,ι
5
6
7
8
9
⁴³0

μ

Β a
-μ ἡ
οο-ιοιοιιι-ωιοι-ἓιοωκυοιοιο-ωιομἓεοαιῆοιικιεμωιομ

370

Parin? 116111. ’
748 17 148 48
8 35 9 15
9 11 9 33

9131504’

750 4 15011
750 1111. ,1 1
750 17

..Α
*43

οἱοὶᾑρωωωυὲθμ
ωὸῗὲδξωὲἒζοῗ

ΦὈὯΦωἺηΦΦΦυΠΟῑρ-ῥωωωὲοδῦ
ἓρᾱῳὲεεέωπεῧεεεψῧε
‘3

3111111111.
155 5. 3
5ο. 9
61. 13
65. 13
7 1. 4
75. 10
71. 15
311116.
31. 6
91. 10
95. 15
91111.
160 5. 4
160 o. 3
11. 13
15. 19
11. 1
15. 7
11. 13
31111.
31. 5
41. 11
45. 13
1311. 1
15. 9
111111.
35. 7
3ο. 11
4 ht 2
41. 8
51. 14
551111).
61. 6
6b! 14
6o.pen.
71). 5
71. 10

“ · 3116
” - 814
· 919

“9 5. 14
1401. 1
140 5.“3
1401. 15
15. 1
11. 8
11. 15
15111.
31. 7
35. 16
41. 3
41). 11
41111.
55. 5
51. 11

6 apen. ‘

615

rmkf. '¹ ,
1445. 4 .
ib. 6. 9
1451. 10
15. 6. 6
146 1. 7
ih. 1
1471. 7
ib. 6. 5

Ι1431. δ’

ib. 6. 1
1491. 1
151. 3
15. unt.
2⁵0 01 8
ib. 1. 10
1515. 9
15. 6. 15
1515. 6 ’
151.

153 5.

ib. 1.

154 5.

116

1171.

1116.

1131. 1
15. 6. 1
119 5. “
ib. 1.
110 5.
ib. 1.
1115.
ib. 1.
111 ο.
151.
173 ο.
15. 1. 1
1141. ³3
ib. pen.
115 o. 7
ib. 111.
1161. 9
1171. 1.
1511. 10
1131. 4
ib. 6. 1
1191. 6
ib. 6.
1301.
ib. 6.
1315.
ib. 1.
131 b.
1111.

ΘΘρΘὶΙ-δωβωδθ

,βιοδῦοδῆῶοἱωω-

“mucio-§.QQQ

719“

71] 17

316 ⁹.

1ὴῖ 15

911 ’1

msa

 

