³51 “.

1141411. Puris. 41614. 1144114444. Franks.

p. 133

4
5
6
7

140
150
160

17

1
2
3
5
6
8

8
9
1
2
3
4
5
6
7
8
9
1
2
,3
4
5
6
7
8
9
1
7
3
4
5
6
8
9
9

7
0
4
1

1801

9
3
4
5
6
7
8
·9
190

1
2
3
4
5
6

76 10 53 38 534. 10
639 ’4 11 4415
44. 1
54. 6
5619
5415
64.411.
64. 3
74. 9
7613
7418
86. 3
84. 8
9413
96.18
.604. 3
606. 8
60417
14441.
4413
54. 6
5617
5417
66. 3
6410
7415
61413
8419
94. 5

q
μψεῑμεὲῧεεὲεῧαᾶξεὲμεᾶἒ

(31ιρ
ἓαεεμωὲεςῧαξεεᾶωὲεεᾱωε

ὦ
’Ξ

ὀ
(ἔν-ιω
Ξό-

ἓαέΞ-ἳδέδι-ιῖέἒμςπξέζέἓῗὲιοω-

3411
3617
44. 1
¹4b. 5
7

84. 6
8613
84444.
96. 5
9410
70417
704. 7
14. 8
16. 14
14441.
34. 4
34. 7
3610
3417

,μ , . “

ἐξέωκε.

44. 4
5411
5618

ἃδζῒοὲυιέδὲἓέἲὸμωὲἓῧέἒεοῖἐζέἓὲἒμΐυὲὲωὲἓὲἳ

66. 8

⁴
ΦΨΌΦ-ξῆοισιςκῡωωδομμ
ξμᾶὲεᾱαε

..⁶¹⁴—
ἓὲιιο

74441.
.84. 4
84. 9

εἷ’-μμ

θύμ’-δ
’Ξ

,Β ξῆν-ιυ-
Ξ

94. 3
96. 8
420 8037 9414
517 19 804441,

ω
g
ἓ
⁵-

ω

,46.3’

,64 3,

6419,

· ab. 4,

961. 2
97 4. 3
16. 4. 10
98 6. 10
16. 4. 7
99 6.
16. 4.
100 6.’
16. (1.
1014.
16. (1.
107 4.
16. 4.
103 4.
Ὶ16. 4.
16. pen.
104 4. 4
16. 4. 10
105 6. 10
117 1
16. pen.
118 4. 6
16. pen.
119 4. 4
16. 1. 2
180 4. 3
114 6. 3
16. (1. 10
115 6. 9
16. (1. 10
116 4.
16.(1.
1174.
173 ·
16. 4.
1114 6.
16. 4.
125 6.
16. (1.
176 4.
16. (1.
117 4.
16.(1.

ῆμὲοωῶωὶοέθοὺή

178 4.
133
16. 4.
16. 411.
134 4. 6
16. 1. 1
135 4. 4
16. 44144.
136 4. 3
16. 4. 11
137 4. 3
16. 4. 9
1386. 9
141 1
16. 6
143 4. 9
16. 4. 10
1444. 1
16. 4. 8
1466. 9

Ὀμωωοὶῡῢηοὶδθῦῆῂμοιοὶζο

 

