371

111111. Paris. 1111111111. Franks.
111159 77516 1491111. 9381. 9 ,

1160 594 1501). 3 1111. 8

6 9 150 ο. 11 9391. 1

6 96 11. 17 11). ο. 10

7 4 1071. 10 189 5

7 99 upon. 1901. 9

8 6 81. 6 11). ult.

8 98 91. 13 1911. 7

9 1 91. 7 11). ant.

9 14 1101. 10 1991. 9

9 39 11011111. 1931. 9

780 14 11. 5 11111. 1

780 31 11). 11 1941. 1

1 6 11. 17 11). ο. 10

1 91 91). 9 1951. 1

9 1 81. 5 1111. 7

9 11 31). 3 1961. 6

31. 11 11). d. 4

11. 15 197 1. 7

111111. 1111. 6

51. 8 1981. 8

51). 15 ib. (1. 7

. 61. 8 199 b. 3

61). 19 11). ο. 3

’61111 9001. 10

71). 4 11). (1. 7

71. 7 9011. 7

81). 4 11). d. 4

80. 3 9091. 10

Ὦωῇοιαῶωδθμ

0

μ
0¹³3

91. 9 11111. 7
91116 9031. 8
1901. ,9 iba· 1
1901117 9011). 3
11. 1 libe·

5⁵..

1
2
³
4
5
⁶
7
8
9
0
1
9
8
4
⁵
6
7
8
9
90
1
9

landini imprimebat 11. ὓονι, in Area qum 111 nivi 1111111.

 

