INDEX ORATIONUM Δ

1111111111111111111111 11111111111111 namn 1111111111 111
11111111,1111111 nomn, 1111 1111111111.

κ

01011111.
,11111111111101ὶιη 8311Ρ11111111111111 907

4. 1111101 1 8. 11 1111111111 . m
0. 111111 101111Ρ11111111 ’ Qu
4 Philippu· prim 1³⁵· 11 Ρ11111111111 001
0018111 ’ 1411 11111111111111 “34
080111101111111101 151180111111011111111 801
7 01 7111111111 10. dn 0111 nna

*0⁸¹⁸

9. Philippica 111111 110Δ 40 {flinspach 1010
10111111 181 41 18ὶ11Ρ111111ομι 1000
1080000110111111ιη111 48 181111411111111111 1000
111110 111011 158 43 -8οΗ11111011111111 1000
1110. wolfi? ,1001111711 44111111111111111111111
11111111 1. 11. 11 11111111. puina 1101
811110111111 11111 ow 45 18. 1111101 1100
tio, 1. 18. 10 81. 1181111111 1139
18 1801111 mdccc, 111 01 47 88. in olympiodorum 1107
, 1101111101 rep 160 48 881181110111111. · 1100
18 14. 1 unp} 1011110111, 1111 01 48 84 11 8111111111 1100
1111111111· 178 50 85. 0111111111111111111111 1000
14 15018110111111 1111111111 180 51 8011010110οω ms
15 10. 0110111110 11111111 808 58 87.1111111111·11111 1016
10 17. 01 1110111 1111 011111· 53 8811 Cononem 1255
011 811 54 88. inc-nium nn
17 11. 50⁰r.pro Ctesiphontem 55 81111 Dionysodoro 1101
prunorum “ 815 50111.10.1181111110111 1090
18 8.111 0111111111, 11101111· W 8111111111111111
11 genta 1101111111 841 58 8. 1101111111
mu 1. inl-ep 111111 4071 5811 8811110111111011.
80 8111111011111 , 514 00 83. 1111111111. 0110111111 ·
81 811010111111111 000 01. 4111110111111111111 1110
18 4110111111111111 081 08 18111111111111. ι ’
88 5. 11111111111111 700 011111101111111101 ¹462
2⁴ 0010011101111111011111- wo — 1111101011101111111401 ,
w 7. 1111101800 - 111111, 01 10111ς111-
8017. 111111111111111111 818 111111 1474
87 8. “ 11111101 880 - 111111,111.’111111.
28 8. terti· 844 11111111. me =
88 411011111111 prin 804 - 111111101011111111-
80 5111111101 870 dorum 1489

eoaefflezmnb—GDQ-s

:bt—b

81 01121111111111 888 - ,, 11111, nm. A, 1481
11 &impurium 888-

 

8011111111110111111111111 80 11111 1000 .

