364

110101. Parin. 11010. nuile-n.. 1100011. 7011000010..
11317 ’135 31 355 0. 13 5710. 1 504 pen.
67 60951302 66
615 60. 9 1001 7 9
6001. 70. 15 5140. 1 814·
7 16 711 011 ib· d. 1 9011.
736 80. 7 5750. 2 591 5
-143 1 0000 4 194 1 115 1
316 1000. 9 100. 7 6 ¹6
10. 14 10 ult. 7 9
’ 10 unt. 095 0. 7 0 13
90. 4 10 pon. 916
’10 10 1960. 4 190 10
20. 13 10 0. 11, 1000.
30. 011. 1970. 3 3 1
30. 4 101. 1 4 3
40. 7 7900 8 5 3
40 11 100. 4 6 3
40. 15 399010 7 4
50. ant. 100. 7 8 5
50. 4 3000. 7
60. 8 100. 4 13
60 14 3010. 6
60. 001. 100. 5
70. 1 309 0. 5
70. 5 ib. d. 2
80. ,9 ib. 011
01 10, ³030. 5
80. 101. 2
90 4 3040.
90. 8 101.
1100. 305 e.
110 b. 101.
18· 306110 10
10 · 1110. 8
10. 307 b. 10
90. 10, 100. 7
. 90. 4 308 b. 8
ib. 0. 5
3090. 5
10 0. 7
310 b. 6
ib. 0. 3
’31111
. 100.
319 b.

n·—
5⁸.-
²328

SQQQQQ

εξωεὲἒφῳηὲωεεφεεηψημᾱεὲὲἓᾶᾱῧεωεὲεψὲᾷμεᾰεεμ
a* (OD—⁶*

QQQQD-*Qffltd

-v
fl·

³ *ozeeooeeew-zwesosue
333?-

8
9
330
1
3
341
1
3 .
4
⁵
6.
7
3
9
350
‘1
2
3
4
5
6
,7
8
9
360
1
2
3
4
5
6
7
8

ἣῇοὶυῑιρωδῦμῦὲοςοωῆοδοὶυῑὺῥωωμμ

33
0³0
..ι
ἓκοοοςποιυτὼω
Ξῧῖἒοοκτυιὺ

ἓῑοωῆοἱυιῦωξθμ
,ἓ-’.Ξεεπ

100.

3130.

. 100.

.- 3140.

ib. 0.

3150.

. ib. 0.

3160.

ib. 0.
101. 1
3170 1
100. 10
3180 8
Ι1110. 10
3190. 10

100. 8 3 3

3900. 10 4 6

ib. 0. 8 5 8

QoeoeQQQQUDthQn—ROGOKOQ

QQQQQJQQ

μ

’ξω-ει-ειὲἷέημῖδιο
οιμιοωιουοιωωι-ι-ιω
&3232ss

οφοιοι-μοίωο-ιὲιοωκῐσεοτ-μωωμ
<ann—n

Οιοὶὺὺωωωὲδω

 

