869

Hm m.fflffi ΜΝ MMTQMOE
901832 720 19 288 10 311 1. 3 854 m 8 539 10
3 780 38 3 30 8 1. 11 18.8. 7 540 18
3 4 2 b. 18 855 1. 8 1 13
3 83 31. 3 188. 7 2 15
31111. sb. 9 8561. 8 317
4 16 3 1. 15 18.8. 7 4 18

..ι
μ
0³

ιβ
ἓῗ

481 8671. 8 5111.
41. 6 188. 10 7 1
5 1. 12 868 1. 10
5b.um.ib.d.9¹
M5ssm
6810 188.
78 1 860
71. 4 8611).

&bet—b
ω
α

ott&

9
9
1
3
Μ81Μ1
8816 869 b. 1
81111. 11). 1. 1
4

4

2

2

3

ΟιδθΘὈἾΒ-δῆἶυὶω

δῦ
Odi—bh*

91). 6 8638
91. 14 181.

bb

’Ξ

δθ
musso-s-

5801. 18 8648
Μ8881
11. 7 81151).
18 13 18 e.
11111. 8661. 1
½4im1
887Μ89
3401ss 8181181 7
38111. 3681. 9
Η71Μ6
41). 9 8691. ,9
41. 14 188. 8
61111. 8701. 8
61. 2 ,188. 6
61. 8 8711. 7
6813 188. 4
61. 17 8721. 3
71). 1 188. 1
71. 9 8731. 6
81. 14 188. 4
88111. 8741. 5
91. 4 188. 1
9810 8761. 1
91. 15 181. 9
fflmnffiust
5301. 3 8761. 3 .
1⁸· 6 ibo& 10
1b.1o Μ71. 1
10. 1⁵ 117101 10
31111. 87811. 9
11. 6 181. 4
31. 10 8798 6
31). 14 181. 2
31111. 8808 5 ,
ηδίΜὶ
4 1. 14 681 b· 5
61111. 181. 3
mhsm 6
71. 14 1411. 7

ἓέἓὲἓὲἓωεζι-Έδὸᾳὲηὲζέἓῗ
<³¹1

te <0⁹50 *eu-*taem

ggzozoeeeoquezeaeonffi—-t—oe—ooenoetend
Qeogffo?osteeoeteeo0wozussmcsae00

*tq
‘’gu—²30«
Ξ. ’3
aunan-ss·-
wer-“000

2-oe0-0qoe-
υἱ.

’Ξ

„GR-OQQODss—G-Dd-

Ξω ..μμ

ἓ

⁸*ae

3
*⁸325*
ot

325³

κιαι
... ἓξ
ἓὲ 5320

ἓ

Ξὲὂὲἓη

εῧωξωὲεξεηὲφεεεερἓωἓεᾶςὲεῳᾶωεεξ
ἔδαε
Φαήθθῑρωδῦ
μμ

(10ὑὲ-

a·

μ

οἶδ-ιι
n

31. 1111. 11). pen.
31. 3 1111. 1
41. 9 111. 1 8
41). 16 mh. 10
3411111. 181. 6
1

ε
am}

1
1
1
2
2
3
3
4
4
4
5
6
6
6
7
7
8
8
8
9
9
40
40
1
1
1
2
2
3
3
4
4
4
6
,5
,6
fi
-7
7
7

ωωῆῆαοιοδοῑὺῥὺωωκδθω

⁸3:30.
8ο

 

